             9812         3513459.157    5405284.422      245.257
             9814         3513407.398    5405298.580      248.841
             A12-M3         3513481.851    5405254.980      242.086
             9702         3513516.907    5405235.889      242.076
             GVP-09         3513490.214    5405256.175      241.252
             12.15FP        3513407.394    5405298.583      248.841
             202512         3513545.957    5405237.176      245.025
             9803         3513594.621    5405213.610      242.787
             9805         3513631.393    5405190.116      244.672
             1718FP        3513582.683    5405215.184      241.066
             GVP-07        3513545.955    5405237.176      245.024
